2 scenes next to each other
sceneWidth: 384 == 12 tiles
sceneHeight: 416 == 13 tiles
middle: 32 == 1 tile

384x416


local tiles = {
--  1 2 3 4 5 6 7 8 9 0 1 2
    1,2,1,1,1,1,1,1,1,1,1,1, -- 1
    1,2,0,0,0,0,0,0,0,0,0,0, -- 2
    1,2,0,0,0,0,0,0,0,0,0,0, -- 3
    1,1,1,1,1,1,1,1,1,1,2,0, -- 4
    0,0,0,0,0,0,0,0,0,0,2,0, -- 5
    0,0,0,0,0,0,0,0,0,0,2,0, -- 6
    0,0,0,0,0,0,0,0,0,0,2,0, -- 7
    0,0,0,0,2,1,1,0,1,1,1,1, -- 8
    0,0,0,0,2,0,0,0,0,0,0,1, -- 9
    0,0,0,0,2,0,0,0,0,0,2,1, -- 0
    0,0,0,0,1,1,1,1,1,1,2,1, -- 1
    0,0,0,0,0,0,0,0,0,0,2,0, -- 2
    0,0,0,0,0,0,0,0,0,0,2,0, -- 3
    0,0,0,0,0,0,0,0,0,0,2,0, -- 4
    0,0,0,0,0,0,1,0,0,0,2,0  -- 5
};
